1.000 0.206 0.190 0.207 0.141 0.257 0.184 0.166 0.194 0.129 0.184 0.192 0.236 0.143 0.198 0.174 0.119 0.168 0.170 0.147 0.150 0.137 0.171 0.158 0.194 0.244 0.131 0.179 0.213 0.206
0.206 1.000 0.189 0.217 0.153 0.246 0.261 0.208 0.162 0.207 0.180 0.147 0.167 0.133 0.196 0.196 0.102 0.154 0.208 0.127 0.194 0.187 0.192 0.180 0.194 0.208 0.126 0.214 0.123 0.171
0.190 0.189 1.000 0.282 0.179 0.197 0.251 0.217 0.236 0.199 0.188 0.215 0.201 0.101 0.161 0.303 0.176 0.180 0.165 0.157 0.193 0.157 0.268 0.198 0.268 0.213 0.141 0.195 0.170 0.224
0.207 0.217 0.282 1.000 0.228 0.234 0.246 0.239 0.195 0.220 0.238 0.253 0.204 0.134 0.197 0.235 0.226 0.108 0.245 0.173 0.208 0.212 0.231 0.221 0.222 0.264 0.176 0.171 0.151 0.214
0.141 0.153 0.179 0.228 1.000 0.159 0.168 0.233 0.156 0.133 0.211 0.162 0.206 0.136 0.116 0.147 0.182 0.126 0.141 0.154 0.185 0.160 0.176 0.190 0.150 0.174 0.188 0.152 0.146 0.190
0.257 0.246 0.197 0.234 0.159 1.000 0.230 0.213 0.161 0.174 0.194 0.181 0.174 0.103 0.232 0.177 0.191 0.145 0.233 0.137 0.130 0.169 0.231 0.144 0.175 0.211 0.182 0.154 0.199 0.237
0.184 0.261 0.251 0.246 0.168 0.230 1.000 0.201 0.184 0.222 0.211 0.198 0.261 0.196 0.168 0.212 0.167 0.147 0.213 0.129 0.207 0.191 0.240 0.232 0.242 0.243 0.172 0.191 0.158 0.212
0.166 0.208 0.217 0.239 0.233 0.213 0.201 1.000 0.225 0.147 0.224 0.236 0.191 0.130 0.162 0.219 0.137 0.123 0.223 0.157 0.177 0.171 0.215 0.176 0.172 0.148 0.154 0.206 0.150 0.163
0.194 0.162 0.236 0.195 0.156 0.161 0.184 0.225 1.000 0.164 0.225 0.214 0.193 0.117 0.152 0.194 0.125 0.110 0.125 0.139 0.143 0.136 0.224 0.218 0.172 0.193 0.129 0.118 0.126 0.154
0.129 0.207 0.199 0.220 0.133 0.174 0.222 0.147 0.164 1.000 0.118 0.139 0.127 0.086 0.203 0.160 0.099 0.122 0.169 0.181 0.182 0.142 0.209 0.145 0.164 0.159 0.114 0.139 0.136 0.186
0.184 0.180 0.188 0.238 0.211 0.194 0.211 0.224 0.225 0.118 1.000 0.198 0.216 0.208 0.168 0.228 0.202 0.156 0.176 0.140 0.189 0.131 0.184 0.189 0.192 0.208 0.181 0.170 0.185 0.238
0.192 0.147 0.215 0.253 0.162 0.181 0.198 0.236 0.214 0.139 0.198 1.000 0.177 0.115 0.185 0.188 0.135 0.148 0.150 0.120 0.155 0.155 0.211 0.176 0.228 0.178 0.131 0.151 0.158 0.121
0.236 0.167 0.201 0.204 0.206 0.174 0.261 0.191 0.193 0.127 0.216 0.177 1.000 0.136 0.195 0.188 0.195 0.229 0.198 0.190 0.184 0.163 0.199 0.176 0.243 0.267 0.178 0.176 0.173 0.211
0.143 0.133 0.101 0.134 0.136 0.103 0.196 0.130 0.117 0.086 0.208 0.115 0.136 1.000 0.098 0.142 0.133 0.070 0.140 0.109 0.181 0.094 0.107 0.090 0.107 0.152 0.116 0.099 0.164 0.123
0.198 0.196 0.161 0.197 0.116 0.232 0.168 0.162 0.152 0.203 0.168 0.185 0.195 0.098 1.000 0.186 0.120 0.128 0.158 0.133 0.128 0.126 0.169 0.176 0.210 0.208 0.093 0.153 0.130 0.201
0.174 0.196 0.303 0.235 0.147 0.177 0.212 0.219 0.194 0.160 0.228 0.188 0.188 0.142 0.186 1.000 0.183 0.174 0.193 0.190 0.186 0.202 0.257 0.219 0.213 0.235 0.154 0.186 0.218 0.218
0.119 0.102 0.176 0.226 0.182 0.191 0.167 0.137 0.125 0.099 0.202 0.135 0.195 0.133 0.120 0.183 1.000 0.130 0.154 0.088 0.151 0.134 0.147 0.164 0.174 0.217 0.203 0.094 0.168 0.221
0.168 0.154 0.180 0.108 0.126 0.145 0.147 0.123 0.110 0.122 0.156 0.148 0.229 0.070 0.128 0.174 0.130 1.000 0.159 0.096 0.120 0.165 0.162 0.141 0.151 0.164 0.133 0.139 0.144 0.181
0.170 0.208 0.165 0.245 0.141 0.233 0.213 0.223 0.125 0.169 0.176 0.150 0.198 0.140 0.158 0.193 0.154 0.159 1.000 0.164 0.219 0.177 0.180 0.158 0.213 0.206 0.167 0.149 0.216 0.241
0.147 0.127 0.157 0.173 0.154 0.137 0.129 0.157 0.139 0.181 0.140 0.120 0.190 0.109 0.133 0.190 0.088 0.096 0.164 1.000 0.172 0.156 0.180 0.124 0.176 0.154 0.110 0.094 0.117 0.157
0.150 0.194 0.193 0.208 0.185 0.130 0.207 0.177 0.143 0.182 0.189 0.155 0.184 0.181 0.128 0.186 0.151 0.120 0.219 0.172 1.000 0.222 0.196 0.189 0.205 0.220 0.126 0.122 0.166 0.209
0.137 0.187 0.157 0.212 0.160 0.169 0.191 0.171 0.136 0.142 0.131 0.155 0.163 0.094 0.126 0.202 0.134 0.165 0.177 0.156 0.222 1.000 0.203 0.156 0.160 0.166 0.121 0.162 0.143 0.194
0.171 0.192 0.268 0.231 0.176 0.231 0.240 0.215 0.224 0.209 0.184 0.211 0.199 0.107 0.169 0.257 0.147 0.162 0.180 0.180 0.196 0.203 1.000 0.201 0.230 0.233 0.152 0.190 0.189 0.225
0.158 0.180 0.198 0.221 0.190 0.144 0.232 0.176 0.218 0.145 0.189 0.176 0.176 0.090 0.176 0.219 0.164 0.141 0.158 0.124 0.189 0.156 0.201 1.000 0.218 0.177 0.125 0.173 0.136 0.151
0.194 0.194 0.268 0.222 0.150 0.175 0.242 0.172 0.172 0.164 0.192 0.228 0.243 0.107 0.210 0.213 0.174 0.151 0.213 0.176 0.205 0.160 0.230 0.218 1.000 0.282 0.115 0.197 0.188 0.210
0.244 0.208 0.213 0.264 0.174 0.211 0.243 0.148 0.193 0.159 0.208 0.178 0.267 0.152 0.208 0.235 0.217 0.164 0.206 0.154 0.220 0.166 0.233 0.177 0.282 1.000 0.156 0.204 0.225 0.211
0.131 0.126 0.141 0.176 0.188 0.182 0.172 0.154 0.129 0.114 0.181 0.131 0.178 0.116 0.093 0.154 0.203 0.133 0.167 0.110 0.126 0.121 0.152 0.125 0.115 0.156 1.000 0.109 0.128 0.182
0.179 0.214 0.195 0.171 0.152 0.154 0.191 0.206 0.118 0.139 0.170 0.151 0.176 0.099 0.153 0.186 0.094 0.139 0.149 0.094 0.122 0.162 0.190 0.173 0.197 0.204 0.109 1.000 0.166 0.184
0.213 0.123 0.170 0.151 0.146 0.199 0.158 0.150 0.126 0.136 0.185 0.158 0.173 0.164 0.130 0.218 0.168 0.144 0.216 0.117 0.166 0.143 0.189 0.136 0.188 0.225 0.128 0.166 1.000 0.207
0.206 0.171 0.224 0.214 0.190 0.237 0.212 0.163 0.154 0.186 0.238 0.121 0.211 0.123 0.201 0.218 0.221 0.181 0.241 0.157 0.209 0.194 0.225 0.151 0.210 0.211 0.182 0.184 0.207 1.000
